# eps[MeV/(fm^3)]	p[MeV/(fm^3)]	n[fm^{-3}]	mu[MeV]
7879.966112804217	12077.078956493151	2.3935999999999997	8337.669230154315
7843.302965465656	12014.902933849464	2.3855999999999997	8324.197643911435
7806.639818127095	11952.726911205775	2.3775999999999997	8310.635400964364
7769.976670788536	11890.550888562082	2.3695999999999997	8296.981583115556
7733.313523449974	11828.374865918395	2.3615999999999997	8283.235259725767
7696.6503761114145	11766.198843274706	2.3535999999999997	8269.395487502601
7659.987228772853	11704.022820631015	2.3455999999999997	8255.461310284732
7623.324081434292	11641.846797987326	2.3375999999999997	8241.431758821705
7586.660934095729	11579.670775343637	2.3295999999999997	8227.305850549179
7549.997786757171	11517.494752699946	2.3215999999999997	8213.082589359547
7513.334639418609	11455.318730056257	2.3135999999999997	8198.760965367768
7476.6714920800505	11393.14270741257	2.3056	8184.339954672371
7440.008344741491	11330.966684768882	2.2976	8169.818519111409
7403.345197402929	11268.790662125193	2.2896	8155.195606013332
7366.682050064369	11206.6146394815	2.2816	8140.470147942615
7330.018902725808	11144.438616837813	2.2736	8125.641062440016
7293.355755387246	11082.262594194124	2.2656	8110.707251757313
7256.6926080486855	11020.086571550431	2.2576	8095.667602586426
7220.029460710126	10957.910548906744	2.2496	8080.520985782747
7183.3663133715645	10895.734526263055	2.2416	8065.266256082539
7146.703166033005	10833.558503619364	2.2336	8049.9022518142765
7110.0400186944435	10771.382480975673	2.2256	8034.427794603755
7073.376871355882	10709.206458331986	2.2176	8018.841689072812
7036.713724017323	10647.030435688295	2.2096	8003.1427225315065
7000.050576678761	10584.854413044606	2.2016	7987.329664663593
6963.3874293402		10522.678390400917	2.1936	7971.401267205105
6926.724282001639	10460.502367757226	2.1856	7955.3562636158795
6890.0611346630785	10398.326345113537	2.1776	7939.193368743853
6853.397987324517	10336.150322469848	2.1696	7922.911278481916
6816.7348399859575	10273.97429982616	2.1616	7906.508669417154
6780.071692647398	10211.798277182468	2.1536	7889.984198472263
6743.4085453088355	10149.622254538779	2.1456	7873.336502538969
6706.745397970274	10087.446231895092	2.1376	7856.564198103185
6670.082250631714	10025.2702092514	2.1296	7839.665880861718
6633.419103293153	9963.09418660771	2.1216	7822.640125330347
6596.7559559545925	9900.918163964023	2.1136	7805.485484442948
6560.092808616031	9838.742141320334	2.1056	7788.200489141511
6523.4296612774715	9776.566118676641	2.0976	7770.783647956766
6486.76651393891	9714.390096032954	2.0896	7753.233446579185
6450.10336660035	9652.214073389265	2.0816	7735.548347420068
6413.440219261788	9590.038050745574	2.0736	7717.7267891625015
6376.777071923228	9527.862028101883	2.0656	7699.767186301855
6340.113924584667	9465.686005458196	2.0576	7681.667928675576
6303.450777246107	9403.509982814505	2.0496	7663.427380981953
6266.787629907545	9341.333960170816	2.0416	7645.0438822875985
6230.1244825689855	9279.157937527127	2.0336	7626.515745523265
6193.461335230423	9216.981914883436	2.0256	7607.841256967743
6156.798187891864	9154.805892239747	2.0176	7589.018675719474
6120.135040553302	9092.629869596058	2.0096	7570.046233155534
6083.471893214742	9030.453846952367	2.0016	7550.922132377653
6046.808745876182	8968.27782430868	1.9936	7531.644547644894
6010.14559853762	8906.10180166499	1.9856	7512.211623792612
5973.48245119906	8843.925779021301	1.9776	7492.621475637317
5936.8193038604995	8781.74975637761	1.9696	7472.872187367034
5900.15615652194	8719.573733733921	1.9616	7452.961811916732
5863.4930091833785	8657.397711090232	1.9536	7432.888370328425
5826.829861844818	8595.221688446542	1.9456	7412.649851095475
5790.166714506256	8533.045665802852	1.9376	7392.244209490663
5753.503567167696	8470.869643159163	1.9296	7371.669366877519
5716.840419829134	8408.693620515473	1.9216	7350.923210004478
5680.177272490576	8346.517597871785	1.9136000000000002	7330.003590281332
5643.5141251520145	8284.341575228096	1.9056000000000002	7308.908323037421
5606.850977813454	8222.165552584407	1.8976000000000002	7287.635186761098
5570.1878304748925	8159.989529940716	1.8896000000000002	7266.181922319859
5533.524683136332	8097.813507297027	1.8816000000000002	7244.5462321605855
5496.8615357977715	8035.637484653339	1.8736000000000002	7222.725779489278
5460.19838845921	7973.46146200965	1.8656000000000001	7200.718187429705
5423.53524112065	7911.285439365958	1.8576000000000001	7178.521038160319
5386.872093782089	7849.10941672227	1.8496000000000001	7156.131872028742
5350.2089464435285	7786.933394078581	1.8416000000000001	7133.548186643196
5313.545799104968	7724.757371434892	1.8336000000000001	7110.767435940151
5276.8826517664065	7662.5813487912		1.8256000000000001	7087.787029227436
5240.219504427846	7600.405326147512	1.8176	7064.604330202111
5203.5563570892855	7538.229303503823	1.8096	7041.216655942257
5166.893209750724	7476.053280860131	1.8016	7017.621275871922
5130.230062412164	7413.877258216443	1.7936	6993.815410698376
5093.566915073603	7351.701235572754	1.7856	6969.796231320764
5056.9037677350425	7289.525212929064	1.7776	6945.560857709331
5020.240620396481	7227.349190285374	1.7696	6921.106357754212
4983.57747305792	7165.173167641685	1.7616	6896.42974608288
4946.91432571936	7102.997144997995	1.7536	6871.527982845207
4910.2511783807995	7040.821122354306	1.7456	6846.397972465115
4873.588031042239	6978.645099710616	1.7376	6821.036562357766
4836.924883703678	6916.469077066926	1.7296	6795.440541611126
4800.261736365116	6854.293054423237	1.7216	6769.60663963078
4763.598589026556	6792.117031779549	1.7136	6743.531524746793
4726.935441687995	6729.941009135857	1.7056	6717.211802781339
4690.272294349434	6667.764986492168	1.6976	6690.644015575873
4653.609147010874	6605.58896384848	1.6896	6663.824639476417
4616.9459996723135	6543.412941204789	1.6816	6636.7500837756315
4580.282852333753	6481.236918561099	1.6736	6609.416689110212
4543.6197049951925	6419.0608959174115	1.6656000000000002	6581.820725812082
4506.956557656632	6356.884873273723	1.6576000000000002	6553.958392211845
4470.2934103180705	6294.708850630032	1.6496000000000002	6525.825812892884
4433.63026297951	6232.532827986342	1.6416000000000002	6497.419036894402
4396.9671156409495	6170.356805342654	1.6336000000000002	6468.734035861656
4360.303968302389	6108.180782698963	1.6256000000000002	6439.766702141579
4323.6408209638275	6046.004760055273	1.6176000000000001	6410.512846821896
4286.977673625266	5983.828737411584	1.6096000000000001	6380.968197711761
4250.3145262867065	5921.652714767896	1.6016000000000001	6351.128397261864
4213.651378948146	5859.476692124206	1.5936000000000001	6320.989000421906
4176.988231609585	5797.300669480515	1.5856000000000001	6290.545472433211
4140.325084271024	5735.124646836827	1.5776000000000001	6259.793186554165
4103.6619369324635	5672.948624193137	1.5696	6228.727421716106
4066.9987895939025	5610.772601549447	1.5616	6197.343360107165
4030.3356422553416	5548.596578905758	1.5536	6165.636084681449
3993.67249491678	5486.420556262068	1.5456	6133.60057659087
3957.00934757822	5424.244533618378	1.5376	6101.23171253681
3920.3462002396595	5362.068510974689	1.5296	6068.524262038669
3883.6830529010977	5299.892488330999	1.5216	6035.472884616258
3847.0199055625376	5237.716465687311	1.5136	6002.072126882827
3810.356758223977	5175.54044304362	1.5056	5968.316419545427
3773.6936108854165	5113.36442039993	1.4976	5934.200074309126
3737.0304635468556	5051.188397756242	1.4896	5899.717280681456
3700.367316208294	4989.012375112552	1.4816	5864.862102673357
3663.704168869734	4926.836352468863	1.4736	5829.628475392641
3627.041021531173	4864.660329825173	1.4656	5794.010201525892
3590.3778741926117	4802.484307181483	1.4576	5758.00094770451
3553.714726854052	4740.308284537794	1.4496	5721.594240750445
3517.051579515491	4678.132261894104	1.4416	5684.783463796889
3480.3884321769306	4615.956239250414	1.4336	5647.561852279119
3443.7252848383696	4553.780216606725	1.4256	5609.9224897903305
3407.062137499808	4491.604193963035	1.4176	5571.858303797153
3370.398990161248	4429.428171319345	1.4096	5533.362061209274
3333.7358428226876	4367.252148675658	1.4016000000000002	5494.4263637973345
3297.072695484127	4305.076126031969	1.3936000000000002	5455.043643452996
3260.4095481455665	4242.900103388279	1.3856000000000002	5415.206157284819
3223.746400807006	4180.724080744589	1.3776000000000002	5374.905982543259
3187.083253468445	4118.5480581009		1.3696000000000002	5334.135011367804
3150.420106129884	4056.3720354572106	1.3616000000000001	5292.884945348924
3113.7569587913235	3994.196012813521	1.3536000000000001	5251.147289897195
3077.093811452763	3932.019990169831	1.3456000000000001	5208.913348411558
3040.430664114202	3869.843967526142	1.3376000000000001	5166.174216238295
3003.767516775641	3807.667944882452	1.3296000000000001	5122.920774411922
2967.1043694370805	3745.4919222387625	1.3216	5079.143683168767
2930.44122209852	3683.315899595073	1.3136	5034.833375223502
2893.7780747599586	3621.1398769513835	1.3056	4989.980048798516
2857.114927421398	3558.9638543076935	1.2976	4944.573660395415
2820.4517800828376	3496.787831664004	1.2896	4898.603917297489
2783.788632744277	3434.6118090203145	1.2816	4852.060269791347
2747.1254854057156	3372.435786376625	1.2736	4804.93190309543
2710.462338067155	3310.259763732936	1.2656	4757.207728982373
2673.799190728594	3248.0837410892464	1.2576	4708.876377081616
2637.136043390034	3185.9077184455564	1.2496	4659.926185847943
2600.4728960514726	3123.731695801867	1.2416	4610.345193180847
2563.809748712912	3061.5556731581773	1.2336	4560.121126678899
2527.146601374351	2999.3796505144883	1.2256	4509.241393512434
2490.4834540357906	2937.2036278707988	1.2176	4457.693069897002
2453.8203066972296	2875.0276052271083	1.2096	4405.46289014909
2417.157159358669	2812.8515825834193	1.2016	4352.537235304668
2380.494012020108	2750.6755599397297	1.1936	4298.902121280024
2343.8308646815467	2688.4995372960398	1.1856	4244.543186553295
2307.1677173429866	2626.3235146523502	1.1776	4189.445679343866
2270.5045700044257	2564.1474920086607	1.1696	4133.5944442656355
2233.8414226658647	2501.971469364971	1.1616	4076.9739084287494
2197.178275327305	2439.795446721284	1.1536000000000002	4019.5680669630624
2160.5151279887446	2377.619424077594	1.1456000000000002	3961.360467935001
2123.851980650184	2315.4434014339045	1.1376000000000002	3902.334196628066
2087.188833311623	2253.267378790215	1.1296000000000002	3842.4718591553096
2050.525685973062	2191.091356146526	1.1216000000000002	3781.755565370531
2013.9639288915544	2129.1181588391228	1.1136000000000001	3720.440093148955
1978.0391774015036	2068.4124235058116	1.1056000000000001	3659.959841631073
1942.7979461873535	2009.0806358668726	1.0976000000000001	3600.4724690727276
1908.212005361063	1951.0624887086558	1.0896000000000001	3541.9185885368192
1874.298157245372	1894.3985883550397	1.0816000000000001	3484.3719911246408
1841.023686532818	1839.0261467171974	1.0736	3427.7662381240825
1808.3700373293907	1784.9064605021322	1.0656	3372.0687855025544
1776.3425198523908	1732.0595168447935	1.0576	3317.324164804448
1744.9277481277404	1680.4530424625577	1.0496	3263.510661766671
1714.097021517967	1630.037938082455	1.0416	3210.575038018838
1683.8421804271736	1580.795986077446	1.0336	3158.5121579959555
1654.1754480920663	1532.7550866421482	1.0256	3107.3815666285236
1625.0644370568223	1485.8539805246953	1.0176	3057.1132248246045
1596.4982364728555	1440.066876103092	1.0096	3007.6912763232444
1568.463460503828	1395.3743186824734	1.0016	2959.103214043831
1540.9555086604703	1351.7645074661564	0.9936	2911.3526732353325
1513.9767530738332	1309.2459660175516	0.9856	2864.471102974213
1487.4989181092824	1267.764142767064	0.9776	2818.395111371058
1461.515306663197	1227.3020509540613	0.9696	2773.1202120640037
1436.0133461203438	1187.840861980465	0.9616	2728.633743865234
1410.9855820700564	1149.3635512567012	0.9536000000000001	2684.9298797470187
1386.4225631587817	1111.8525331664307	0.9456000000000001	2641.9998903608416
1362.3133331869722	1075.2897900533585	0.9376000000000001	2599.8326826368716
1338.6589581346873	1039.6733491838306	0.9296000000000001	2558.4469743099376
1315.441405348322	1004.9726156693989	0.9216000000000001	2517.810352666798
1292.6505632163853	971.166592458966	0.9136000000000001	2477.908445353931
1270.2790914609063	938.2390876581429	0.9056000000000001	2438.7347384265117
1248.3159938567032	906.1726657932055	0.8976000000000001	2400.277027239203
1226.754773364814	874.9517032499747	0.8896000000000001	2362.529762381732
1205.5862071581973	844.559673721631	0.8816	2325.4830772230357
1184.8010652143187	814.9801633102954	0.8736	2289.126864153633
1164.3931047945625	786.1980533918671	0.8656	2253.4555894020677
1144.3525055727466	758.1969534576846	0.8576	2218.45785801123
1124.6712123517636	730.9612906442793	0.8496	2184.124885823968
1105.3432032170012	704.4764470667548	0.8416	2150.4511053751853
1086.3583544889539	678.726282345511	0.8336000000000001	2117.4239885250295
1067.709899012558	653.6961438837878	0.8256000000000001	2085.0363891670854
1049.3909622047324	629.3714785789938	0.8176000000000001	2053.280871800056
1031.3924118313853	605.7369308345201	0.8096000000000001	2022.1459272059103
1013.7154026760898	582.7943274370863	0.8016000000000001	1991.6538549316065
996.3463620884929	560.5159653062436	0.7936000000000001	1961.7720859308674
979.2765021975092	538.8862156371853	0.7856000000000001	1932.4881846164642
962.5000855912433	517.8916261192819	0.7776000000000001	1903.7959255536587
946.009540123202	497.5181004171388	0.7696000000000001	1875.6856036127087
929.7971947481874	477.7516313965593	0.7616	1848.147093152241
913.8575432996896	458.5792882266578	0.7536	1821.1741394988685
898.1841718183009	439.9895545780209	0.7456	1794.7608991366976
882.7810989074484	421.99382520831034	0.7376	1768.946480634163
867.6313293346102	404.5537707523401	0.7296	1743.674753408649
852.7276549303806	387.65620786570906	0.7216	1718.935508309437
838.0632893895433	371.2882764907541	0.7136	1694.7191225901026
823.6331085395846	355.43800131074727	0.7056	1671.019146613282
809.4440536934142	340.12308550298286	0.6976000000000001	1647.8886743067615
795.478342416875	325.306330245191	0.6896000000000001	1625.267796783738
781.7288769922066	310.97137587680396	0.6816000000000001	1603.1400423547686
768.1895323294323	297.1063026410438	0.6736000000000001	1581.4961920583075
754.8649710525611	283.72398322675144	0.6656000000000001	1560.38003948214
741.7457171256066	270.80312734307216	0.6576000000000001	1539.7640578903263
728.8199746823149	258.3181693648358	0.6496000000000001	1519.6092118952442
716.0815773938822	246.2576805019265	0.6416000000000001	1499.9053271443402
703.5434522635122	234.65140657306338	0.6336	1480.7368352849992
691.1836204598086	223.44983100001326	0.6256	1462.0099927426818
678.9954975696303	212.64048837954007	0.6176	1443.7111171456775
666.9870392746101	202.24245731885836	0.6096	1425.9014051730123
655.1475076181493	192.23082483562035	0.6016	1408.5411111266117
643.4648505180702	182.58051600025533	0.5936	1391.5858600376102
631.9469064856531	173.31088922395872	0.5856	1375.09869485931
620.5840446553425	164.39906681854205	0.5776000000000001	1359.0427830226529
609.3641363440478	155.81906729882215	0.5696000000000001	1343.3693884179595
598.2989304219548	147.59982091807092	0.5616000000000001	1328.1672922721252
587.3711209027492	139.70107039656048	0.5536000000000001	1313.3529467111805
576.5770811761862	132.1148667865855	0.5456000000000001	1298.9221920138775
565.9242523136747	124.86098667905887	0.5376000000000001	1284.9427808644598
555.3922810113941	117.89224234401877	0.5296000000000001	1271.3076347345407
544.9915852539706	111.23249650236615	0.5216000000000001	1258.0983162506454
534.7098703711265	104.85526669702574	0.5136000000000001	1245.2592232635361
524.5426689223233	98.75084467990669	0.5056	1232.7798924094736
514.4948484602025	92.93064412107657	0.4976	1220.7103950588407
504.5485634867107	87.35297508579883	0.4896	1208.9492209405832
494.7190751346974	82.0562423041487	0.4816	1197.6231674394644
484.98331224411214	76.98557939520046	0.4736	1186.589720522197
475.3539433595247	72.17067885547006	0.4656	1175.9549446198341
465.815075710685	67.57557638743724	0.4576	1165.626425039603
456.3721342294375	63.2142433561738	0.4496	1155.6636512135483
447.0156755436012	59.06355004723861	0.4416	1146.0127391096917
437.747749829057	55.12905364768798	0.4336	1136.708495103194
428.5603732253392	51.39294639462117	0.4256	1127.7098675281024
419.4544907948239	47.858239874200954	0.4176	1119.043895280232
410.423545328124	44.50802485161753	0.4096	1110.6727787591346
401.4689705809929	41.34764974310063	0.4016	1102.6310267034203
392.5816042551686	38.355340757271996	0.3936	1094.8601245234772
383.7663553998215	35.54369362642892	0.3856	1087.4223263128902
375.0113950922644	32.88292645076387	0.3776	1080.228605781325
366.3250329602853	30.395598489456894	0.3696	1073.3783318445408
357.6926354770256	28.045399026300228	0.3616	1066.7534140025602
349.12232576124734	25.8530836895867	0.35359999999999997	1060.4508185826755
340.6038796490884	23.792592883807526	0.3456	1054.387941356759
332.1383716777007	21.86804075738081	0.3376	1048.5971932318766
323.7232958850683	20.07321018926572	0.3296	1043.0719237692172
315.35270479012604	18.392507517276385	0.3216	1037.7649636424205
307.03200965275505	16.84000409279538	0.3136	1032.755145872291
298.7506366233006	15.38877921076525	0.3056	1027.9431146402678
290.5115516352396	14.046083478088553	0.2976	1023.3791502463985
282.31154195761775	12.803103802295997	0.2896	1019.042285082575
274.1455593742176	11.64656591193479	0.2816	1014.8868085445752
266.0183783453052	10.587833881276255	0.2736	1010.987617787213
257.9221263887072	9.606149892993086	0.2656	1007.2600763618234
249.85618589086903	8.699251668794778	0.2576	1003.7089967378254
241.8223572622456	7.870475491426724	0.2496	1000.3719260964435
233.81470277356618	7.104200303562344	0.24159999999999998	997.180890219903
225.8335178773867	6.400081921092084	0.2336	994.1506840688304
217.87908884842227	5.757789488112893	0.2256	991.2982195768403
209.9420673298654	5.48208116604992	0.2176	990.0006824260814
202.00891946043868	5.455556780801966	0.2096	989.8114324486671
194.07577159101186	5.429032395554011	0.2016	989.6071626317752
186.1426237215851	5.402508010306056	0.1936	989.3860110118346
178.2248365545725	4.871355540349403	0.1856	986.5096556838466
170.3374722225599	4.257433898277504	0.17759999999999998	983.0794263560666
162.47603325108102	3.694135272198755	0.1696	979.7769370476402
154.64392063670675	3.1885084812524234	0.1616	976.6858237497474
146.83562871194775	2.7312399410979618	0.1536	973.742634459933
139.05069106484157	2.321383520672269	0.1456	970.962050724683
131.28972553755762	1.9609227522186217	0.1376	968.3913393152342
123.54768025296946	1.64034237823777	0.1296	965.9569647469694
115.82558942653051	1.361038100271585	0.1216	963.7058184769909
108.12202047708202	1.11600969038276	0.1136	961.602378234725
100.43506135033547	0.9019574543792019	0.10560000000000001	959.6308598931313
92.76403766759837	0.7241506993264405	0.0976	957.870782448
85.10652535864087	0.5759275466606736	0.0896	956.2773761752405
77.46045122424391	0.45285894621979705	0.0816	954.8199775792119
69.82668430208476	0.3554464528711387	0.07360000000000001	953.5615591705962
62.20239329187353	0.2767984164678361	0.0656	952.4267028710573
55.44815219198052	0.22008193400874898	0.0585055018115558	951.504258613057
40.45725300500002	0.13512500000000002	0.04268	951.0866449156517
27.907752420000012	0.08093750000000002	0.02948	949.4128195386708
20.88025679250001	0.05507500000000001	0.02207	948.5877567965568
15.122316730000007	0.03600625000000001	0.016	947.3951862500004
10.572139705000005	0.022400000000000003	0.0112	945.9410450892861
7.072435647500003	0.013056250000000002	0.007496	945.2363790688372
4.441197476500002	0.006968750000000001	0.00471	944.4089652866247
3.3991507627500015	0.004873750000000001	0.003606	943.9890495701612
2.518326370750001	0.0032925000000000007	0.002673	943.3665809016092
1.7846805442500009	0.002141875		0.001895	942.9142054089715
1.1875400285000006	0.0013468750000000004	0.001262	942.0656921553095
0.7207255707500003	0.0008356250000000002	0.0007661	941.8629366270726
0.5701765037500003	0.0006956250000000002	0.0006059	942.1886924409972
0.5023732485750002	0.0006368750000000002	0.0005341	941.7901583504965
0.4400751458500002	0.0005854375		0.000468	941.5824430555559
0.38322602055000016	0.0005402500000000001	0.0004076	941.5266696516196
0.33210674780000016	0.0005009375000000001	0.0003533	941.431319841495
0.2869420277000001	0.0004667500000000001	0.0003053	941.3978961677043
0.24829361050000012	0.0004371875000000001	0.0002643	941.0926901248587
0.2348116045000001	0.0004264375000000001	0.00025		940.9521680000004
0.2255989004000001	0.00041875000000000007	0.0002401	941.3479816743028
0.21711647162500008	0.00041131250000000006	0.0002311	941.271242427521
0.2095328432500001	0.0004042500000000001	0.0002231	940.9999697445097
0.2029041903000001	0.0003973125000000001	0.000216	941.2106611111116
0.19633171237500008	0.00038843750000000006	0.0002091	940.7945952893358
0.19554526202500008	0.00038800000000000005	0.0002082	941.081950168108
0.1952643869000001	0.00038731250000000007	0.0002079	941.0856151996155
0.19290503585000007	0.00038181250000000004	0.0002054	941.0265255598835
0.18565845762500008	0.00036518750000000006	0.0001977	940.9390244056656
0.1786365795000001	0.0003490000000000001	0.0001902	941.0387986330182
0.17178322645000008	0.00033337500000000007	0.000183	940.5278767759567
0.16515457350000007	0.0003183125		0.0001759	940.7213530415013
0.15869444562500007	0.0003036875000000001	0.000169	940.8173557692313
0.15245901785000007	0.00028968750000000007	0.0001624	940.570845751232
0.12397828017500005	0.00022656250000000004	0.0001321	940.2334797501895
0.09965449435000004	0.00017437500000000002	0.0001062	940.0081859698686
0.07909443520000004	0.0001318125		0.00008433	939.4788058816558
0.06179252750000003	0.00009756250000000002	0.00006592	938.8666565533983
0.047434191110000024	0.00007043750000000001	0.00005063	938.270365593522
0.035654288367500016	0.000049456250000000006	0.00003807	937.8446182689787
0.026132621630000012	0.000033543750000000006	0.00002791	937.5193615191693
0.02344745543500001	0.000028925000000000005	0.00002507	936.4332044276032
0.01862202078750001	0.000021275000000000002	0.00001991	936.378492591663
0.014229133832500006	0.00001564375		0.00001522	935.9249397174774
0.011746197727500005	0.000012112500000000003	0.00001257	935.4264301909311
0.009330671652500004	8.906250000000001e-6	9.982e-6	935.6419457523546
0.007409485797500003	6.550000000000002e-6	7.93e-6		935.1873641235817
0.005679295027500002	4.813750000000001e-6	6.081e-6	934.7325731787539
0.004511416257750002	3.538750000000001e-6	4.83e-6		934.773293530021
0.0037109221515000015	2.7262500000000004e-6	3.974e-6	934.4862610719681
0.002340251541500001	1.4725000000000003e-6	2.507e-6	934.0742088153174
0.0014296543862500006	7.950000000000002e-7	1.532e-6	933.7136985966062
0.0009021709015000004	4.287500000000001e-7	9.667e-7	933.6915811523744
0.0005875907615000002	2.5806250000000004e-7	6.296e-7	933.6861880559089
0.00046642123257500023	1.8931250000000004e-7	5.001e-7	933.0344832533498
0.0002943009559750001	1.0181250000000001e-7	3.156e-7	932.8351345849181
0.00018565845762500007	5.461250000000001e-8	1.991e-7	932.7627831491716
0.00014745944062500007	4.1725000000000005e-8	1.581e-7	932.9611993991149
0.00007387015787500003	1.6275000000000002e-8	7.926e-8	932.2032913827912
0.00003703057648000002	6.287500000000002e-9	3.973e-8	932.214044299019
0.00001854899325500001	2.3956250000000004e-9	1.99e-8		932.2305969849251
9.296966637500004e-6	8.968750000000003e-10	9.976e-9	932.0232069466725
4.658594823250002e-6	3.2868750000000006e-10	5.e-9		931.7847021500005
3.7008106470000017e-6	2.444375e-10		3.972e-9	931.7862750503529
1.4729091555000006e-6	6.096875000000001e-11	1.581e-9	931.669907811512
5.864672610000003e-7	1.4487500000000004e-11	6.294e-10	931.8108492214811
2.334634039000001e-7	3.29125e-12		2.506e-10	931.6308665203516
9.291349135000004e-8	7.193750000000002e-13	9.976e-11	931.3774130412995
3.700248896750002e-8	1.5193750000000003e-13	3.972e-11	931.5871325528706
1.4729091555000007e-8	3.1050000000000004e-14	1.581e-11	931.6333083491464
5.864672610000003e-9	6.0900000000000015e-15	6.295e-12	931.6407783955525
6.460127875000003e-10	1.1875000000000003e-16	6.93e-13	932.1975559163064
1.1909105300000006e-10	3.637500000000001e-18	1.27e-13	937.7248554133863
2.533493627500001e-11	1.0625000000000002e-19	2.72e-14	931.4314846047797
